107.36
107.36
107.36
107.36
107.37
107.37
107.38
107.38
107.38
107.38
107.39
107.39
107.39
107.40
107.40
107.40
107.40
107.40
107.40
107.39
107.39
107.38
107.38
107.38
107.39
107.40
107.41
107.41
107.41
107.42
107.42
107.43
107.42
107.42
107.42
107.43
107.43
107.44
107.44
107.44
107.44
107.43
107.42
107.41
107.40
107.40
107.39
107.39
107.38
107.38
107.38
107.38
107.38
107.38
107.38
107.38
107.39
107.39
107.39
107.39
107.39
107.39
107.39
107.39
107.38
107.38
107.38
107.39
107.39
107.39
107.39
107.40
107.40
107.40
107.39
107.39
107.39
107.40
107.40
107.41
107.41
107.41
107.41
107.41
107.42
107.42
107.42
107.42
107.43
107.43
107.44
107.44
107.45
107.45
107.45
107.46
107.46
107.47
107.48
107.49
107.50
107.50
107.51
107.52
107.53
107.54
107.55
107.56
107.57
107.58
107.59
107.60
107.61
107.62
107.63
107.64
107.65
107.66
107.66
107.67
107.68
107.68
107.68
107.67
107.67
107.68
107.68
107.68
107.69
107.70
107.70
107.70
107.70
107.71
107.71
107.71
107.71
107.71
107.71
107.71
107.71
107.71
107.71
107.71
107.71
107.71
107.71
107.71
107.71
107.71
107.71
107.70
107.70
107.70
107.70
107.70
107.70
107.70
107.70
107.70
107.71
107.71
107.71
107.71
107.71
107.72
107.72
107.72
107.71
107.71
107.71
107.71
107.71
107.72
107.72
107.72
107.72
107.72
107.72
107.72
107.72
107.71
107.71
107.72
107.72
107.72
107.73
107.73
107.73
107.73
107.74
107.74
107.74
107.75
107.76
107.76
107.77
107.78
107.79
107.79
107.80
107.80
107.80
107.81
107.80
107.81
107.82
107.82
107.83
107.83
107.84
107.84
107.83
107.83
107.83
107.83
107.83
107.83
107.84
107.83
107.83
107.84
107.84
107.84
107.83
107.83
107.83
107.83
107.82
107.82
107.82
107.81
107.81
107.81
107.81
107.81
107.80
107.80
107.79
107.78
107.78
107.77
107.76
107.76
107.75
107.75
107.75
107.74
107.74
107.74
107.73
107.73
107.72
107.72
107.71
107.71
107.71
107.71
107.71
107.71
107.71
107.71
107.71
107.71
107.71
107.70
107.70
107.69
107.69
107.69
107.69
107.69
107.68
107.68
107.67
107.67
107.67
107.66
107.66
107.66
107.65
107.64
107.64
107.64
107.64
107.64
107.64
107.64
107.64
107.63
107.63
107.63
107.63
107.63
107.64
107.64
107.64
107.65
107.65
107.66
107.66
107.67
107.67
107.68
107.68
107.69
107.69
107.69
107.70
107.70
107.70
107.70
107.70
107.70
107.70
107.70
107.70
107.70
107.69
107.69
107.69
107.69
107.69
107.69
107.69
107.70
107.70
107.71
107.71
107.72
107.72
107.73
107.73
107.74
107.74
107.75
107.75
107.75
107.76
107.76
107.76
107.76
107.76
107.77
107.76
107.77
107.77
107.77
107.77
107.77
107.77
107.78
107.78
107.79
107.80
107.80
107.80
107.80
107.81
107.81
107.82
107.82
107.83
107.82
107.82
107.82
107.81
107.81
107.81
107.81
107.80
107.79
107.79
107.78
107.78
107.78
107.77
107.77
107.76
107.76
107.75
107.75
107.74
107.74
107.75
107.75
107.75
107.75
107.74
107.74
107.74
107.74
107.74
107.74
107.73
107.73
107.73
107.72
107.72
107.73
107.73
107.73
107.72
107.72
107.71
107.71
107.71
107.71
107.71
107.71
107.71
107.71
107.71
107.71
107.71
107.71
107.71
107.70
107.70
107.69
107.69
107.69
107.68
107.67
107.67
107.67
107.68
107.68
107.68
107.67
107.67
107.66
107.66
107.66
107.65
107.65
107.66
107.65
107.65
107.65
107.66
107.66
107.65
107.65
107.64
107.64
107.63
107.63
107.63
107.63
107.63
107.64
107.64
107.63
107.63
107.63
107.62
107.62
107.62
107.62
107.62
107.62
107.62
107.62
107.62
107.62
107.61
107.61
107.61
107.60
107.60
107.60
107.60
107.61
107.61
107.61
107.60
107.59
107.60
107.59
107.58
107.59
107.59
107.59
107.59
107.59
107.59
107.58
107.58
107.58
107.58
107.58
107.58
107.57
107.58
107.58
107.58
107.57
107.58
107.57
107.57
107.57
107.57
107.57
107.57
107.57
107.57
107.57
107.56
107.56
107.56
107.57
107.56
107.57
107.57
107.57
107.57
107.57
107.57
107.57
107.57
107.57
107.57
107.57
107.56
107.56
107.55
107.55
107.54
107.53
107.53
107.52
107.52
107.52
107.52
107.51
107.51
107.50
107.50
107.49
107.48
107.48
107.48
107.48
107.48
107.49
107.48
107.48
107.47
107.47
107.47
107.46
107.46
107.46
107.47
107.47
107.46
107.46
107.46
107.45
107.45
107.45
107.45
107.45
107.45
107.44
107.44
107.44
107.43
107.43
107.43
107.42
107.42
107.41
107.41
107.41
107.41
107.41
107.41
107.41
107.41
107.41
107.41
107.41
107.41
107.41
107.41
107.41
107.41
107.40
107.40
107.41
107.41
107.41
107.41
107.42
107.41
107.41
107.41
107.40
107.40
107.41
107.41
107.41
107.41
107.42
107.42
107.42
107.42
107.42
107.42
107.42
107.41
107.41
107.41
107.41
107.40
107.40
107.40
107.40
107.40
107.40
107.39
107.39
107.39
107.39
107.38
107.38
107.38
107.38
107.39
107.38
107.38
107.37
107.36
107.36
107.36
107.36
107.35
107.35
107.35
107.35
107.35
107.35
107.35
107.35
107.35
107.35
107.35
107.35
107.36
107.36
107.36
107.37
107.37
107.36
107.36
107.37
107.37
107.37
107.37
107.36
107.36
107.35
107.35
107.35
107.35
107.35
107.35
107.35
107.34
107.34
107.34
107.34
107.34
107.33
107.33
107.33
107.33
107.33
107.33
107.33
107.33
107.33
107.33
107.32
107.32
107.32
107.33
107.33
107.34
107.35
107.35
107.35
107.36
107.35
107.35
107.35
107.36
107.36
107.37
107.37
107.38
107.38
107.39
107.40
107.40
107.40
107.40
107.41
107.41
107.41
107.41
107.42
107.43
107.44
107.44
107.44
107.44
107.45
107.46
107.47
107.47
107.47
107.48
107.48
107.48
107.47
107.48
107.48
107.48
107.48
107.47
107.47
107.47
107.47
107.48
107.48
107.47
107.47
107.47
107.46
107.47
107.47
107.47
107.47
107.47
107.47
107.47
107.48
107.48
107.49
107.49
107.49
107.49
107.49
107.49
107.50
107.50
107.50
107.50
107.49
107.49
107.49
107.50
107.50
107.49
107.49
107.49
107.48
107.48
107.48
107.47
107.47
107.47
107.47
107.47
107.47
107.47
107.47
107.47
107.47
107.46
107.46
107.46
107.46
107.46
107.47
107.47
107.48
107.48
107.48
107.49
107.49
107.49
107.49
107.49
107.49
107.49
107.49
107.50
107.50
107.51
107.51
107.50
107.49
107.49
107.48
107.48
107.48
107.48
107.48
107.48
107.48
107.48
107.48
107.48
107.48
107.48
107.48
107.48
107.47
107.47
107.48
107.48
107.48
107.48
107.48
107.49
107.48
107.49
107.49
107.49
107.49
107.49
107.50
107.50
107.50
107.51
107.51
107.51
107.51
107.51
107.51
107.51
107.50
107.50
107.50
107.50
107.50
107.50
107.50
107.49
107.49
107.49
107.49
107.49
107.49
107.49
107.49
107.49
107.50
107.50
107.51
107.51
107.51
107.52
107.52
107.51
107.51
107.52
107.52
107.53
107.53
107.53
107.53
107.53
107.54
107.54
107.54
107.54
107.54
107.55
107.55
107.55
107.55
107.55
107.56
107.55
107.55
107.54
107.55
107.55
107.55
107.56
107.56
107.56
107.56
107.56
107.57
107.57
107.57
107.57
107.57
107.58
107.58
107.58
107.59
107.59
107.59
107.59
107.59
107.58
107.58
107.58
107.58
107.58
107.58
107.58
107.58
107.58
107.59
107.59
107.60
107.60
107.61
107.62
107.62
107.62
107.62
107.63
107.63
107.64
107.64
107.64
107.64
107.64
107.63
107.63
107.63
107.63
107.64
107.64
107.63
107.63
107.63
107.64
107.64
107.64
107.64
107.64
107.64
107.64
107.64
107.65
107.65
107.65
107.65
107.64
107.63
107.63
107.62
107.62
107.62
107.62
107.62
107.62
107.62
107.62
107.61
107.62
107.62
107.61
107.61
107.61
107.61
107.60
107.60
107.61
107.61
107.61
107.61
107.60
107.60
107.60
107.61
107.61
107.61
107.61
107.60
107.60
107.60
107.60
107.61
107.61
107.61
107.60
107.61
107.60
107.60
107.60
107.59
107.59
107.58
107.57
107.57
107.57
107.57
107.58
107.58
107.57
107.57
107.56
107.56
107.56
107.56
107.55
107.54
107.54
107.54
107.54
107.54
107.54
107.54
107.54
107.54
107.53
107.53
107.53
107.53
107.53
107.53
107.52
107.52
107.53
107.53
107.53
107.53
107.53
107.53
107.53
107.52
107.52
107.52
107.52
107.53
107.52
107.52
107.52
107.53
107.53
107.53
107.53
107.53
107.53
107.53
107.53
107.53
107.53
107.53
107.54
107.53
107.53
107.53
107.53
107.53
107.53
107.52
107.52
107.52
107.52
107.52
107.52
107.52
107.51
107.51
107.50
107.50
107.50
107.50
107.50
107.50
107.50
107.51
107.52
107.52
107.52
107.52
107.53
107.53
107.53
107.51
107.51
107.52
107.53
107.54
107.54
107.54
107.54
107.55
107.55
107.54
107.53
107.53
107.53
107.53
107.52
107.51
107.52
107.53
107.53
107.53
107.53
107.53
107.53
107.53
107.53
107.52
107.52
107.52
107.53
107.53
107.53
107.52
107.52
107.52
107.53
107.52
107.52
107.52
107.52
107.52
107.52
107.51
107.51
107.51
107.51
107.51
107.51
107.51
107.51
107.51
107.51
107.51
107.51
107.51
107.52
107.52
107.52
107.52
107.52
107.52
107.52
107.52
107.52
107.52
107.52
107.51
107.51
107.51
107.52
107.52
107.52
107.52
107.52
107.52
107.52
107.52
107.51
107.51
107.51
107.51
107.51
107.51
107.51
107.51
107.51
107.51
107.50
107.49
107.44
107.32
107.17
107.01
106.86
106.71
106.56
106.42
106.28
106.15
106.00
105.85
105.71
105.57
105.43
105.30
105.21
105.18
105.18
105.19
105.20
105.21
105.22
105.22
105.23
105.23
105.23
105.23
105.23
105.24
105.24
105.24
105.25
105.25
105.26
105.27
105.27
105.28
105.29
105.29
105.29
105.29
105.29
105.29
105.29
105.29
105.29
105.29
105.28
105.28
105.28
105.27
105.26
105.25
105.24
105.24
105.23
105.22
105.22
105.21
105.22
105.22
105.21
105.21
105.22
105.22
105.22
105.22
105.22
105.23
105.23
105.23
105.22
105.22
105.22
105.22
105.22
105.22
105.21
105.20
105.20
105.20
105.19
105.19
105.19
105.18
105.18
105.17
105.16
105.16
105.15
105.15
105.15
105.16
105.17
105.17
105.18
105.18
105.19
105.19
105.19
105.19
105.18
105.19
105.20
105.20
105.22
105.23
105.23
105.24
105.25
105.25
105.25
105.26
105.26
105.27
105.27
105.27
105.27
105.28
105.28
105.28
105.28
105.27
105.27
105.27
105.26
105.25
105.24
105.24
105.23
105.22
105.21
105.21
105.20
105.19
105.19
105.18
105.17
105.17
105.16
105.16
105.16
105.17
105.17
105.18
105.18
105.19
105.19
105.19
105.18
105.18
105.19
105.20
105.21
105.22
105.23
105.24
105.26
105.26
105.26
105.25
105.25
105.25
105.25
105.25
105.25
105.27
105.28
105.29
105.29
105.30
105.30
105.30
105.31
105.31
105.31
105.32
105.34
105.35
105.37
105.39
105.40
105.41
105.42
105.43
105.43
105.44
105.45
105.46
105.46
105.47
105.47
105.47
105.47
105.47
105.46
105.46
105.45
105.44
105.43
105.42
105.41
105.41
105.40
105.39
105.36
105.34
105.32
105.29
105.26
105.23
105.21
105.18
105.16
105.13
105.11
105.09
105.07
105.05
105.04
105.03
105.03
105.03
105.04
105.04
105.05
105.07
105.08
105.11
105.12
105.15
105.17
105.19
105.21
105.23
105.25
105.27
105.28
105.30
105.31
105.32
105.33
105.34
105.35
105.35
105.36
105.36
105.36
105.37
105.37
105.37
105.38
105.46
105.77
106.12
107.00
106.99
104.25
97.36
88.71
79.96
71.22
62.48
53.73
44.98
36.23
27.47
18.72
9.96
1.13
0.00
0.00
0.00
0.00
0.00
0.00
0.00
0.00
0.00
0.00
0.00
0.00
0.00
0.00
0.00
0.00
0.00
0.00
0.00
0.00
0.00
0.00
0.00
0.00
0.00
0.00
0.00
0.00
0.00
0.00
0.00
0.00
0.00
0.00
0.00
0.00
0.00
0.00
0.00
0.00
0.00
0.00
0.00
0.00
0.00
0.00
0.00
0.00
0.00
0.00
0.00
0.00
0.00
0.00
0.00
0.00
0.00
0.00
0.00
0.00
0.00
0.00
0.00
0.00
0.00
0.00
0.00
0.00
0.00
0.00
0.00
0.00
0.00
0.00
0.00
0.00
0.00
0.00
0.00
0.00
0.00
0.00
0.00
0.00
0.00
0.00
0.00
0.00
5.70
13.16
20.72
27.82
34.80
41.77
48.41
54.99
61.56
67.82
73.07
76.52
77.78
77.78
75.66
69.47
61.54
53.96
46.38
38.90
31.77
24.77
17.77
11.10
4.46
0.00
0.00
0.00
0.00
0.00
0.00
0.00
0.00
0.00
0.00
0.00
0.00
0.00
0.00
0.00
0.00
0.00
0.00
0.00
0.00
0.00
0.00
0.00
0.00
0.00
0.00
0.00
0.00
0.00
0.00
0.00
0.00
0.00
0.00
0.00
0.00
0.00
0.00
0.00
0.00
0.00
0.00
0.00
0.00
0.00
0.00
0.00
0.00
0.00
0.00
0.00
0.00
0.00
0.00
0.00
0.00
0.00
0.00
0.00
0.00
0.00
0.00
0.00
0.00
0.00
0.00
0.00
0.00
0.00
0.00
0.00
0.00
0.00
0.00
0.00
0.00
0.00
0.00
0.00
0.00
0.00
0.00
0.00
0.00
0.00
0.00
0.00
0.00
0.00
0.00
0.00
0.00
0.00
0.00
0.00
0.00
0.00
0.00
0.00
0.00
0.00
0.00
0.00
0.00
0.00
0.00
0.00
0.00
0.00
0.00
0.00
0.00
0.00
0.00
0.00
0.00
0.00
0.00
0.00
0.00
0.00
0.00
0.00
0.00
0.00
0.00
0.00
0.00
0.00
0.00
0.00
0.00
0.00
0.00
0.00
0.00
0.00
0.00
0.00
0.00
0.00
0.00
0.00
0.00
0.00
0.00
0.00
0.00
0.00
0.00
0.00
0.00
0.00
0.00
0.00
0.00
0.00
0.00
0.00
0.00
0.00
0.00
0.00
0.00
0.00
0.00
0.00
0.00
0.00
0.00
0.00
0.00
0.00
0.00
0.00
0.00
0.00
0.00
0.00
0.00
0.00
0.00
0.00
0.00
0.00
0.00
0.00
0.00
0.00
0.00
0.00
0.00
0.00
0.00
0.00
0.00
0.00
0.00
0.00
0.00
0.00
0.00
0.00
0.00
0.00
0.00
0.00
0.00
0.00
0.00
0.00
0.00
0.00
0.00
0.00
0.00
0.00
0.00
0.00
0.00
0.00
0.00
0.00
0.00
0.00
0.00
0.00
0.00
0.00
0.00
0.00
0.00
0.00
0.00
0.00
0.00
0.00
0.00
0.00
0.00
0.00
0.00
0.00
0.00
0.00
0.00
0.00
0.00
0.00
0.00
0.00
0.00
0.00
0.00
0.00
0.00
0.00
0.00
0.00
0.00
0.00
0.00
0.00
0.00
0.00
0.00
0.00
0.00
0.00
0.00
0.00
0.00
0.00
0.00
0.00
0.00
0.00
0.00
0.00
0.00
0.00
0.00
0.00
0.00
0.00
0.00
0.00
0.00
0.00
0.00
0.00
0.00
0.00
0.00
0.00
0.00
0.00
0.00
0.00
0.00
0.00
0.00
0.00
0.00
0.00
0.00
0.00
0.00
0.00
0.00
0.00
0.00
0.00
0.00
0.00
0.00
0.00
0.00
0.00
0.00
0.00
0.00
0.00
0.00
0.00
0.00
0.00
0.00
0.00
0.00
0.00
0.00
0.00
0.00
0.00
0.00
0.00
0.00
0.00
0.00
0.00
0.00
0.00
0.00
0.00
0.00
0.00
0.00
0.00
0.00
0.00
0.00
0.00
0.00
0.00
0.00
0.00
0.00
0.00
0.00
0.00
0.00
0.00
0.00
0.00
0.00
0.00
0.00
0.00
0.00
0.00
0.00
0.00
0.00
0.00
0.00
0.00
0.00
0.00
0.00
0.00
0.00
0.00
0.00
0.00
0.00
0.00
0.00
0.00
0.00
0.00
0.00
0.00
0.00
0.00
0.00
0.00
0.00
0.00
0.00
0.00
0.00
0.00
0.00
0.00
0.00
0.00
0.00
0.00
0.00
0.00
0.00
0.00
0.00
0.00
0.00
0.00
0.00
0.00
0.00
0.00
0.00
0.00
0.00
0.00
0.00
0.00
0.00
0.00
0.00
0.00
0.00
0.00
0.00
0.00
0.00
0.00
0.00
0.00
0.00
0.00
0.00
0.00
0.00
0.00
0.00
0.00
0.00
0.00
0.00
0.00
0.00
0.00
0.00
0.00
0.00
0.00
0.00
0.00
0.00
0.00
0.00
0.00
0.00
0.00
0.00
0.00
0.00
0.00
0.00
0.00
0.00
0.00
0.00
0.00
0.00
0.00
0.00
0.00
0.00
0.00
0.00
0.00
0.00
0.00
0.00
0.00
0.00
0.00
0.00
0.00
0.00
0.00
0.00
0.00
0.00
0.00
0.00
0.00
0.00
0.00
0.00
0.00
0.00
0.00
0.00
0.00
0.00
0.00
0.00
0.00
0.00
0.00
0.00
0.00
0.00
0.00
0.00
0.00
0.00
0.00
0.00
0.00
0.00
0.00
0.00
0.00
0.00
0.00
0.00
0.00
0.00
0.00
0.00
0.00
0.00
0.00
0.00
0.00
0.00
0.00
0.00
0.00
0.00
0.00
0.00
0.00
0.00
0.00
0.00
0.00
0.00
0.00
0.00
0.00
0.00
0.00
0.00
0.00
0.00
0.00
0.00
0.00
0.00
0.00
0.00
0.00
0.00
0.00
0.00
0.00
0.00
0.00
0.00
0.00
0.00
0.00
0.00
0.00
0.00
0.00
0.00
0.00
0.00
0.00
0.00
0.00
0.00
0.00
0.00
0.00
0.00
0.00
0.00
0.00
0.00
0.00
0.00
0.00
0.00
0.00
0.00
0.00
0.00
0.00
0.00
0.00
0.00
0.00
0.00
0.00
0.00
0.00
0.00
0.00
0.00
0.00
0.00
0.00
0.00
0.00
0.00
0.00
0.00
0.00
0.00
0.00
0.00
0.00
0.00
0.00
0.00
0.00
0.00
0.00
0.00
0.00
0.00
0.00
0.00
0.00
0.00
0.00
0.00
0.00
0.00
0.00
0.00
0.00
0.00
0.00
0.00
0.00
0.00
0.00
0.00
0.00
0.00
0.00
0.00
0.00
0.00
0.00
0.00
0.00
0.00
0.00
0.00
0.00
0.00
0.00
0.00
0.00
0.00
0.00
0.00
0.00
0.00
0.00
0.00
0.00
0.00
0.00
0.00
0.00
0.00
0.00
0.00
0.00
0.00
0.00
0.00
0.00
0.00
0.00
0.00
0.00
0.00
0.00
0.00
0.00
0.00
0.00
0.00
0.00
0.00
0.00
0.00
0.00
0.00
0.00
0.00
0.00
0.00
0.00
0.00
0.00
0.00
0.00
0.00
0.00
0.00
0.00
0.00
0.00
0.00
0.00
0.00
0.00
0.00
0.00
0.00
0.00
0.00
0.00
0.00
0.00
0.00
0.00
0.00
0.00
0.00
0.00
0.00
0.00
0.00
0.00
0.00
0.00
0.00
0.00
0.00
0.00
0.00
0.00
0.00
0.00
0.00
0.00
0.00
0.00
0.00
0.00
0.00
0.00
0.00
0.00
0.00
0.00
0.00
0.00
0.00
0.00
0.00
0.00
0.00
0.00
0.00
0.00
0.00
0.00
0.00
0.00
0.00
0.00
0.00
0.00
0.00
0.00
0.00
0.00
0.00
0.00
0.00
0.00
0.00
0.00
0.00
0.00
0.00
0.00
0.00
0.00
0.00
0.00
0.00
0.00
0.00
0.00
0.00
0.00
0.00
0.00
0.00
0.00
0.00
0.00
0.00
0.00
0.00
0.00
0.00
0.00
0.00
0.00
0.00
0.00
0.00
0.00
0.00
0.00
0.00
0.00
0.00
0.00
0.00
0.00
0.00
0.00
0.00
0.00
0.00
0.00
0.00
0.00
0.00
0.00
0.00
0.00
0.00
0.00
0.00
0.00
0.00
0.00
0.00
0.00
0.00
0.00
0.00
0.00
0.00
0.00
0.00
0.00
0.00
0.00
0.00
0.00
0.00
0.00
0.00
0.00
0.00
0.00
0.00
0.00
0.00
0.00
0.00
0.00
0.00
0.00
0.00
0.00
0.00
0.00
0.00
0.00
0.00
0.00
0.00
0.00
0.00
0.00
0.00
0.00
0.00
0.00
0.00
0.00
0.00
0.00
0.67
9.27
17.75
25.99
32.47
36.47
38.74
40.93
46.47
55.24
63.78
72.21
79.51
84.67
86.55
86.35
85.55
84.72
83.49
80.44
74.14
67.26
60.83
56.84
54.59
52.41
46.88
38.05
28.41
18.93
10.15
2.79
0.00
0.00
0.00
0.00
0.00
0.00
0.00
0.00
0.00
0.00
0.00
0.00
0.00
0.00
0.00
0.00
0.00
0.00
0.00
0.00
0.00
0.00
0.00
0.00
0.00
0.00
0.00
0.00
0.00
0.00
0.00
0.00
0.00
0.00
0.73
10.53
20.06
29.40
38.80
48.26
57.73
67.21
76.69
86.18
95.65
104.66
111.44
115.69
117.13
117.29
117.06
116.33
116.02
115.97
115.97
116.05
116.06
116.08
116.10
116.10
116.10
116.11
116.12
116.13
116.14
116.14
116.15
116.15
116.15
116.16
116.16
116.16
116.17
116.18
116.19
116.19
116.20
116.22
116.23
116.23
116.24
116.23
116.24
116.24
116.24
116.24
116.25
116.26
116.26
116.26
116.26
116.26
116.27
116.27
116.27
116.27
116.27
116.27
116.27
116.27
116.28
116.28
116.29
116.29
116.28
116.29
116.29
116.29
116.29
116.29
116.29
116.29
116.29
116.29
116.30
116.30
116.30
116.30
116.31
116.30
116.30
116.30
116.31
116.31
116.31
116.31
116.31
116.32
116.32
116.33
116.33
116.32
116.32
116.32
116.32
116.32
116.32
116.32
116.32
116.33
116.32
116.32
116.32
116.32
116.33
116.33
116.33
116.33
116.34
116.34
116.34
116.34
116.35
116.35
116.36
116.37
116.38
116.38
116.39
116.39
116.39
116.40
116.40
116.40
116.40
116.40
116.41
116.41
116.42
116.42
116.42
116.42
116.42
116.41
116.41
116.41
116.41
116.41
116.41
116.40
116.40
116.40
116.40
116.40
116.40
116.40
116.40
116.40
116.40
116.40
116.40
116.41
116.41
116.41
116.41
116.41
116.42
116.42
116.42
116.42
116.42
116.42
116.43
116.43
116.43
116.43
116.43
116.43
116.43
116.43
116.44
116.44
116.44
116.45
116.44
116.44
116.44
116.45
116.45
116.45
116.45
116.45
116.45
116.45
116.46
116.46
116.46
116.47
116.47
116.46
116.46
116.46
116.47
116.47
116.47
116.47
116.47
116.48
116.47
116.47
116.47
116.47
116.46
116.46
116.47
116.47
116.47
116.46
116.46
116.46
116.46
116.46
116.45
116.45
116.45
116.45
116.45
116.46
116.46
116.46
116.46
116.47
116.47
116.47
116.47
116.47
116.48
116.48
116.48
116.48
116.47
116.47
116.47
116.48
116.48
116.48
116.48
116.48
116.48
116.47
116.47
116.46
116.46
116.46
116.46
116.46
116.46
116.46
116.47
116.48
116.48
116.47
116.47
116.47
116.47
116.47
116.47
116.47
116.47
116.47
116.47
116.47
116.47
116.47
116.46
116.46
116.45
116.45
116.45
116.45
116.46
116.46
116.46
116.46
116.46
116.47
116.47
116.47
116.47
116.48
116.47
116.47
116.48
116.49
116.49
116.49
116.48
116.48
116.48
116.48
116.48
116.48
116.48
116.48
116.48
116.48
116.48
116.48
116.48
116.48
116.48
116.48
116.48
116.49
116.50
116.50
116.50
116.49
116.49
116.49
116.49
116.49
116.48
116.48
116.48
116.48
116.48
116.48
116.47
116.47
116.46
116.46
116.46
116.46
116.46
116.46
116.47
116.47
116.47
116.47
116.47
116.47
116.47
116.47
116.47
116.48
116.48
116.48
116.48
116.48
116.48
116.49
116.49
116.48
116.48
116.48
116.49
116.49
116.49
116.49
116.49
116.49
116.49
116.49
116.49
116.48
116.49
116.49
116.49
116.49
116.49
116.49
116.49
116.48
116.48
116.48
116.48
116.48
116.48
116.48
116.47
116.48
116.48
116.48
116.47
116.47
116.47
116.47
116.47
116.47
116.47
116.47
116.47
116.47
116.47
116.48
116.47
116.47
116.47
116.47
116.47
116.47
116.47
116.47
116.47
116.47
116.46
116.46
116.46
116.46
116.45
116.45
116.45
116.45
116.45
116.45
116.45
116.44
116.44
116.44
116.44
116.44
116.44
116.44
116.45
116.45
116.45
116.45
116.45
116.44
116.44
116.44
116.44
116.44
116.44
116.44
116.44
116.45
116.45
116.45
116.44
116.44
116.44
116.43
116.43
116.44
116.44
116.44
116.45
116.45
116.45
116.46
116.46
116.46
116.47
116.47
116.46
116.47
116.47
116.47
116.47
116.47
116.47
116.47
116.47
116.47
116.47
116.47
116.47
116.47
116.46
116.46
116.47
116.47
116.47
116.47
116.46
116.46
116.47
116.48
116.48
116.48
116.48
116.48
116.48
116.48
116.47
116.47
116.47
116.47
116.47
116.47
116.47
116.47
116.47
116.47
116.47
116.46
116.45
116.45
116.45
116.44
116.44
116.44
116.44
116.45
116.45
116.45
116.46
116.45
116.45
116.45
116.45
116.45
116.46
116.46
116.47
116.47
116.48
116.48
116.48
116.49
116.48
116.48
116.48
116.48
116.47
116.47
116.47
116.46
116.45
116.45
116.45
116.45
116.45
116.44
116.44
116.44
116.44
116.43
116.43
116.43
116.42
116.43
116.43
116.43
116.42
116.43
116.43
116.43
116.43
116.42
116.42
116.42
116.42
116.42
116.42
116.42
116.42
116.43
116.43
116.42
116.42
116.42
116.42
116.42
116.42
116.41
116.41
116.41
116.40
116.40
116.40
116.40
116.40
116.40
116.40
116.39
116.39
116.39
116.39
116.39
116.39
116.39
116.39
116.39
116.40
116.40
116.40
116.40
116.40
116.40
116.40
116.41
116.41
116.40
116.40
116.40
116.40
116.40
116.40
116.40
116.41
116.41
116.41
116.42
116.42
116.42
116.41
116.42
116.41
116.31
115.33
112.08
105.72
96.90
87.41
77.89
68.37
58.85
49.32
39.79
30.25
20.72
11.19
1.66
0.00
0.00
0.00
0.00
0.00
0.00
0.00
0.00
0.00
0.00
0.00
0.00
0.00
0.00
0.00
0.00
0.00
0.00
0.00
0.00
0.00
0.00
0.00
0.00
0.00
0.00
0.00
0.00
0.00
0.00
0.00
0.00
1.12
9.36
17.88
26.54
35.45
44.46
53.49
62.49
71.52
80.28
87.49
93.74
98.60
102.49
105.36
106.14
106.88
107.26
107.91
108.42
108.54
108.56
108.57
108.59
108.59
108.60
108.60
108.61
108.61
108.61
108.61
108.61
108.61
108.61
108.61
108.61
108.61
108.62
108.62
108.62
108.61
108.61
108.61
108.61
108.61
108.62
108.62
108.62
108.62
108.62
108.61
108.61
108.62
108.61
108.61
108.61
108.61
108.61
108.61
108.61
108.61
108.61
108.60
108.60
108.60
108.61
108.61
108.61
108.61
108.61
108.61
108.61
108.61
108.62
108.62
108.62
108.62
108.61
108.61
108.62
108.62
108.62
108.61
108.61
108.61
108.61
108.62
108.61
108.61
108.61
108.61
108.61
108.61
108.61
108.61
108.62
108.62
108.62
108.61
108.61
108.61
108.61
108.61
108.61
108.61
108.61
108.61
108.61
108.61
108.60
108.60
108.60
108.60
108.60
108.61
108.61
108.61
108.62
108.62
108.62
108.62
108.62
108.61
108.61
108.61
108.61
108.61
108.61
108.61
108.61
108.60
108.60
108.60
108.60
108.60
108.60
108.60
108.60
108.60
108.60
108.60
108.60
108.59
108.59
108.59
108.60
108.60
108.60
108.60
108.60
108.60
108.60
108.59
108.59
108.59
108.59
108.59
108.60
108.60
108.60
108.60
108.60
108.60
108.60
108.60
108.60
108.60
108.61
108.60
108.60
108.61
108.60
108.61
108.61
108.61
108.61
108.61
108.61
108.61
108.60
108.60
108.60
108.60
108.60
108.60
108.60
108.60
108.60
108.60
108.60
108.60
108.59
108.59
108.59
108.59
108.58
108.58
108.58
108.59
108.59
108.59
108.59
108.58
108.58
108.57
108.57
108.57
108.57
108.57
108.58
108.58
108.59
108.59
108.59
108.60
108.59
108.59
108.58
108.58
108.58
108.58
108.59
108.59
108.59
108.60
108.60
108.59
108.59
108.60
108.60
108.60
108.60
108.59
108.59
108.60
108.59
108.60
108.60
108.60
108.60
108.59
108.59
108.58
108.58
108.59
108.58
108.58
108.58
108.58
108.58
108.58
108.58
108.58
108.58
108.58
108.57
108.57
108.57
108.57
108.58
108.58
108.57
108.57
108.57
108.56
108.56
108.56
108.55
108.56
108.55
108.55
108.55
108.55
108.54
108.54
108.54
108.54
108.54
108.54
108.54
108.54
108.54
108.53
108.53
108.53
108.54
108.54
108.54
108.54
108.54
108.54
108.54
108.54
108.54
108.54
108.55
108.55
108.55
108.56
108.56
108.56
108.57
108.56
108.56
108.55
108.55
108.55
108.55
108.55
108.55
108.55
108.55
108.54
108.53
108.53
108.53
108.53
108.52
108.52
108.52
108.52
108.52
108.53
108.53
108.53
108.52
108.53
108.53
108.53
108.53
108.53
108.53
108.53
108.53
108.53
108.53
108.54
108.54
108.54
108.54
108.53
108.53
108.53
108.53
108.53
108.52
108.51
108.51
108.51
108.51
108.51
108.51
108.50
108.50
108.50
108.49
108.49
108.49
108.49
108.49
108.48
108.48
108.48
108.48
108.49
108.49
108.49
108.49
108.49
108.50
108.50
108.50
108.51
108.51
108.51
108.51
108.51
108.51
108.51
108.51
108.51
108.51
108.51
108.51
108.51
108.51
108.51
108.50
108.50
108.50
108.49
108.49
108.49
108.49
108.49
108.49
108.49
108.49
108.50
108.50
108.49
108.50
108.50
108.50
108.50
108.49
108.49
108.49
108.49
108.49
108.49
108.48
108.48
108.48
108.48
108.49
108.48
108.48
108.48
108.48
108.48
108.48
108.48
108.49
108.49
108.49
108.49
108.49
108.49
108.49
108.49
108.49
108.49
108.49
108.49
108.49
108.49
108.49
108.49
108.49
108.49
108.49
108.48
108.48
108.48
108.48
108.49
108.48
108.48
108.48
108.49
108.48
108.48
108.48
108.48
108.48
108.47
108.47
108.47
108.46
108.46
108.46
108.46
108.46
108.46
108.46
108.46
108.46
108.45
108.46
108.46
108.46
108.47
108.47
108.47
108.46
108.46
108.47
108.47
108.47
108.47
108.47
108.47
108.47
108.46
108.46
108.46
108.46
108.46
108.46
108.46
108.46
108.45
108.45
108.46
108.45
108.46
108.46
108.46
108.46
108.46
108.46
108.47
108.47
108.46
108.46
108.46
108.46
108.45
108.45
108.46
108.46
108.46
108.46
108.46
108.46
108.45
108.45
108.45
108.45
108.45
108.45
108.46
108.46
108.46
108.46
108.46
108.46
108.46
108.46
108.46
108.46
108.45
108.45
108.45
108.46
108.46
108.46
108.46
108.46
108.46
108.46
108.46
108.46
108.46
108.46
108.46
108.46
108.45
108.45
108.45
108.45
108.45
108.45
108.44
108.44
108.44
108.44
108.43
108.43
108.43
108.43
108.43
108.43
108.43
108.43
108.43
108.44
108.44
108.44
108.44
108.43
108.44
108.44
108.44
108.44
108.45
108.46
108.46
108.45
108.45
108.45
108.45
108.45
108.45
108.44
108.44
108.44
108.44
108.45
108.45
108.45
108.45
108.45
108.44
108.44
108.44
108.44
108.45
108.45
108.45
108.45
108.45
108.45
108.46
108.46
108.46
108.46
108.46
108.46
108.46
108.46
108.46
108.46
108.46
108.46
108.45
108.45
108.45
108.45
108.45
108.45
108.45
108.44
108.44
108.44
108.45
108.45
108.44
108.45
108.45
108.45
108.45
108.44
108.44
108.45
108.45
108.45
108.46
108.45
108.45
108.44
108.44
108.44
108.44
108.44
108.44
108.44
108.44
108.45
108.45
108.45
108.46
108.45
108.45
108.45
108.45
108.46
108.46
108.46
108.46
108.46
108.46
108.46
108.45
108.46
108.45
108.44
108.45
108.45
108.45
108.45
108.45
108.45
108.45
108.44
108.45
108.45
108.45
108.45
108.45
108.46
108.46
108.46
108.46
108.46
108.47
108.47
108.47
108.47
108.47
108.47
108.46
108.46
108.45
108.45
108.45
108.44
108.44
108.44
108.44
108.44
108.44
108.44
108.44
108.44
108.44
108.44
108.44
108.45
108.46
108.46
108.46
108.46
108.46
108.46
108.46
108.46
108.46
108.47
108.46
108.46
108.45
108.45
108.45
108.45
108.44
108.44
108.44
108.44
108.44
108.44
108.44
108.44
108.44
108.44
108.44
108.44
108.45
108.44
108.44
108.44
108.44
108.44
108.44
108.44
108.43
108.43
108.43
108.43
108.43
108.43
108.43
108.43
108.43
108.43
108.43
108.43
108.44
108.44
108.45
108.44
108.44
108.43
108.42
108.42
108.42
108.41
108.40
108.40
108.39
108.40
108.39
108.39
108.39
108.39
108.39
108.38
108.39
108.39
108.40
108.40
108.41
108.41
108.42
108.43
108.43
108.44
108.45
108.45
108.45
108.45
108.44
108.44
108.44
108.44
108.43
108.43
108.44
108.44
108.44
108.45
108.45
108.45
108.45
108.45
108.45
108.45
108.45
108.45
108.45
108.45
108.45
108.46
108.46
108.46
108.46
108.46
108.45
108.45
108.45
108.45
108.45
108.45
108.45
108.44
108.44
108.44
108.44
108.44
108.44
108.44
108.45
108.44
108.44
108.43
108.43
108.43
108.43
108.43
108.43
108.43
108.43
108.43
108.43
108.43
108.42
108.42
108.42
108.42
108.42
108.42
108.43
108.44
108.44
108.44
108.44
108.44
108.44
108.44
108.44
108.44
108.44
108.44
108.45
108.45
108.45
108.45
108.45
108.45
108.44
108.44
108.44
108.44
108.44
108.44
108.44
108.44
108.44
108.44
108.44
108.44
108.44
108.44
108.43
108.43
108.44
108.44
108.44
108.44
108.45
108.45
108.45
108.45
108.45
108.45
108.45
108.45
108.44
108.45
108.45
108.46
108.46
108.45
108.45
108.45
108.45
108.45
108.45
108.45
108.45
108.45
108.44
108.44
108.44
108.44
108.44
108.43
108.43
108.43
108.43
108.43
108.43
108.43
108.43
108.43
108.43
108.43
108.43
108.44
108.44
108.44
108.44
108.45
108.45
108.45
108.45
108.45
108.45
108.45
108.45
108.45
108.45
108.44
108.44
108.44
108.44
108.43
108.43
108.43
108.44
108.44
108.44
108.44
108.44
108.44
108.44
108.45
108.45
108.44
108.44
108.44
108.45
108.45
108.45
108.45
108.45
108.45
108.45
108.45
108.45
108.46
108.46
108.46
108.46
108.47
108.47
108.47
108.47
108.48
108.48
108.48
108.48
108.48
108.49
108.49
108.49
108.49
108.49
108.50
108.50
108.51
108.51
108.51
108.52
108.53
108.53
108.53
108.53
108.53
108.52
108.53
108.53
108.54
108.54
108.54
108.54
108.54
108.53
108.53
108.53
108.53
108.52
108.52
108.52
108.52
108.53
108.53
108.54
108.54
108.54
108.54
108.54
108.55
108.55
108.55
108.56
108.56
108.55
108.56
108.56
108.56
108.56
108.56
108.56
108.56
108.55
108.55
108.55
108.56
108.55
108.55
108.55
108.54
108.54
108.54
108.54
108.53
108.52
108.52
108.52
108.52
108.52
108.51
108.51
108.51
108.51
108.50
108.50
108.50
108.50
108.49
108.49
108.49
108.49
108.50
108.50
108.50
108.50
108.50
108.50
108.51
108.51
108.51
108.51
108.51
108.51
108.51
108.51
108.51
108.51
108.51
108.50
108.50
108.49
108.48
108.48
108.48
108.49
108.49
108.49
108.49
108.50
108.50
108.50
108.50
108.50
108.50
108.50
108.50
108.51
108.51
108.52
108.53
108.53
108.54
108.54
108.53
108.53
108.53
108.53
108.53
108.54
108.54
108.54
108.53
108.54
108.54
108.54
108.55
108.55
108.55
108.55
108.55
108.54
108.54
108.54
108.53
108.52
108.52
108.52
108.52
108.52
108.52
108.52
108.52
108.52
108.51
108.51
108.50
108.50
108.49
108.49
108.49
108.50
108.50
108.50
108.50
108.51
108.51
108.51
108.51
108.50
108.50
108.49
108.49
108.49
108.49
108.49
108.49
108.49
108.49
108.49
108.49
108.49
108.48
108.48
108.48
108.48
108.49
108.49
108.48
108.49
108.49
108.49
108.50
108.50
108.50
108.50
108.50
108.50
108.50
108.50
108.50
108.50
108.50
108.49
108.49
108.49
108.49
108.49
108.48
108.48
108.48
108.48
108.48
108.48
108.48
108.48
108.48
108.47
108.47
108.47
108.46
108.46
108.46
108.47
108.47
108.46
108.46
108.46
108.46
108.46
108.45
108.45
108.45
108.44
108.44
108.44
108.43
108.44
108.44
108.44
108.44
108.43
108.43
108.43
108.43
108.42
108.42
108.42
108.43
108.43
108.43
108.43
108.43
108.43
108.43
108.43
108.43
108.43
108.43
108.43
108.43
108.43
108.43
108.43
108.44
108.44
108.44
108.43
108.43
108.42
108.42
108.42
108.42
108.41
108.41
108.41
108.41
108.41
108.41
108.41
108.41
108.41
108.41
108.41
108.41
108.42
108.42
108.42
108.42
108.43
108.43
108.44
108.44
108.44
108.45
108.45
108.46
108.46
108.46
108.46
108.46
108.46
108.46
108.47
108.47
108.48
108.48
108.48
108.48
108.47
108.47
108.47
108.47
108.47
108.47
108.47
108.48
108.48
108.48
108.48
108.47
108.47
108.46
108.46
108.47
108.47
108.47
108.47
108.47
108.47
108.47
108.46
108.46
108.46
108.46
108.46
108.46
108.47
108.47
108.47
108.47
108.47
108.46
108.46
108.46
108.46
108.47
108.47
108.48
108.48
108.48
108.48
108.48
108.48
108.48
108.48
108.48
108.48
108.47
108.47
108.48
108.48
108.49
108.48
108.48
108.47
108.47
108.48
108.48
108.48
108.49
108.49
108.49
108.49
108.49
108.49
108.50
108.50
108.50
108.49
108.49
108.49
108.49
108.49
108.49
108.49
108.48
108.48
108.48
108.48
108.48
108.48
108.49
108.49
108.49
108.49
108.49
108.49
108.50
108.50
108.50
108.51
108.51
108.51
108.51
108.51
108.51
108.51
108.51
108.51
108.51
108.51
108.51
108.51
108.51
108.50
108.50
108.50
108.50
108.49
108.49
108.49
108.49
108.49
108.49
108.49
108.48
108.49
108.49
108.48
108.48
108.48
108.48
108.48
108.48
108.48
108.48
108.48
108.48
108.48
108.48
108.48
108.48
108.49
108.49
108.49
108.49
108.49
108.50
108.49
108.49
108.49
108.49
108.49
108.49
108.49
108.49
108.49
108.49
108.49
108.49
108.49
108.49
108.50
108.50
108.50
108.50
108.51
108.51
108.51
108.51
108.51
108.51
108.50
108.51
108.51
108.51
108.50
108.50
108.50
108.50
108.50
108.50
108.50
108.50
108.50
108.50
108.51
108.51
108.51
108.51
108.51
108.51
108.51
108.51
108.51
108.51
108.51
108.50
108.50
108.51
108.50
108.50
108.50
108.50
108.50
108.49
108.50
108.50
108.50
108.50
108.50
108.50
108.50
108.51
108.51
108.51
108.51
108.50
108.50
108.50
108.50
108.50
108.50
108.49
108.49
108.48
108.48
108.48
108.47
108.47
108.47
108.47
108.47
108.47
108.47
108.47
108.47
108.47
108.47
108.48
108.48
108.49
108.49
108.49
108.50
108.50
108.50
108.50
108.50
108.51
108.51
108.51
108.52
108.51
108.51
108.51
108.51
108.51
108.51
108.50
108.50
108.50
108.50
108.49
108.49
108.49
108.49
108.49
108.49
108.48
108.48
108.48
108.48
108.48
108.48
108.47
108.47
108.47
108.47
108.47
108.47
108.47
108.48
108.48
108.48
108.48
108.48
108.49
108.49
108.49
108.49
108.49
108.50
108.50
108.50
108.50
108.50
108.50
108.49
108.49
108.49
108.49
108.49
108.49
108.48
108.48
108.48
108.48
108.48
108.48
108.48
108.48
108.48
108.48
108.47
108.47
108.46
108.46
108.46
108.46
108.45
108.45
108.45
108.45
108.46
108.46
108.46
108.46
108.46
108.46
108.46
108.47
108.47
108.48
108.48
108.49
108.49
108.49
108.49
108.49
108.50
108.50
108.50
108.49
108.49
108.49
108.49
108.48
108.48
108.48
108.48
108.48
108.48
108.47
108.47
108.47
108.46
108.46
108.46
108.45
108.45
108.46
108.46
108.46
108.46
108.45
108.45
108.45
108.45
108.45
108.46
108.46
108.46
108.47
108.47
108.47
108.47
108.47
108.46
108.46
108.46
108.46
108.46
108.46
108.46
108.46
108.45
108.45
108.45
108.45
108.45
108.44
108.44
108.43
108.43
108.44
108.44
108.44
108.44
108.44
108.44
108.44
108.45
108.45
108.45
108.44
108.44
108.45
108.45
108.45
108.45
108.46
108.46
108.46
108.45
108.46
108.46
108.46
108.46
108.46
108.46
108.46
108.46
108.47
108.47
108.47
108.47
108.47
108.47
108.47
108.47
108.47
108.47
108.46
108.46
108.46
108.46
108.46
108.46
108.46
108.46
108.46
108.46
108.46
108.45
108.45
108.45
108.45
108.45
108.45
108.45
108.45
108.45
108.45
108.45
108.44
108.44
108.44
108.44
108.44
108.44
108.44
108.44
108.45
108.45
108.45
108.45
108.45
108.45
108.45
108.45
108.45
108.45
108.45
108.46
108.46
108.46
108.46
108.46
108.45
108.45
108.45
108.45
108.44
108.44
108.44
108.45
108.45
108.45
108.45
108.45
108.45
108.44
108.44
108.44
108.44
108.44
108.44
108.44
108.45
108.44
108.44
108.44
108.44
108.44
108.44
108.44
108.44
108.44
108.43
108.44
108.44
108.44
108.44
108.44
108.45
108.44
108.44
108.44
108.44
108.44
108.44
108.44
108.44
108.44
108.44
108.45
108.45
108.45
108.45
108.45
108.45
108.44
108.44
108.44
108.44
108.43
108.44
108.44
108.44
108.43
108.43
108.43
108.42
108.42
108.41
108.40
108.40
108.40
108.40
108.39
108.39
108.39
108.38
108.38
108.38
108.37
108.37
108.36
108.36
108.36
108.36
108.36
108.37
108.37
108.36
108.36
108.36
108.36
108.36
108.36
108.36
108.36
108.36
108.37
108.38
108.38
108.38
108.38
108.38
108.38
108.37
108.37
108.38
108.39
108.39
108.39
108.39
108.40
108.39
108.39
108.39
108.39
108.38
108.38
108.39
108.39
108.39
108.39
108.39
108.39
108.39
108.39
108.38
108.38
108.38
108.38
108.39
108.39
108.38
108.38
108.38
108.38
108.38
108.38
108.38
108.38
108.38
108.38
108.38
108.38
108.39
108.39
108.39
108.39
108.39
108.39
108.39
108.39
108.38
108.38
108.38
108.38
108.38
108.38
108.37
108.37
108.37
108.36
108.36
108.36
108.37
108.37
108.37
108.38
108.39
108.39
108.39
108.39
108.39
108.39
108.39
108.39
108.39
108.39
108.39
108.39
108.39
108.39
108.39
108.39
108.39
108.38
108.38
108.37
108.37
108.38
108.38
108.38
108.38
108.38
108.38
108.38
108.39
108.39
108.39
108.39
108.39
108.38
108.38
108.38
108.38
108.39
108.39
108.39
108.39
108.38
108.38
108.37
108.37
108.37
108.37
108.36
108.36
108.36
108.36
108.36
108.36
108.37
108.37
108.36
108.36
108.36
108.36
108.35
108.35
108.35
108.35
108.35
108.34
108.34
108.34
108.34
108.34
108.34
108.35
108.35
108.35
108.34
108.34
108.34
108.34
108.34
108.34
108.34
108.34
108.33
108.33
108.33
108.33
108.33
108.33
108.32
108.32
108.31
108.31
108.31
108.30
108.30
108.30
108.30
108.30
108.31
108.31
108.31
108.32
108.32
108.31
108.30
108.30
108.31
108.31
108.31
108.32
108.32
108.33
108.33
108.34
108.34
108.35
108.35
108.34
108.34
108.35
108.36
108.36
108.36
108.36
108.37
108.37
108.37
108.37
108.36
108.36
108.36
108.35
108.35
108.35
108.35
108.35
108.35
108.35
108.35
108.35
108.35
108.36
108.35
108.35
108.35
108.35
108.35
108.35
108.36
108.36
108.36
108.36
108.36
108.36
108.37
108.37
108.37
108.37
108.37
108.37
108.37
108.37
108.37
108.37
108.37
108.37
108.37
108.37
108.37
108.37
108.37
108.37
108.36
108.35
108.35
108.35
108.36
108.36
108.36
108.36
108.36
108.37
108.37
108.37
108.37
108.37
108.38
108.38
108.38
108.38
108.38
108.38
108.38
108.37
108.37
108.37
108.37
108.37
108.37
108.37
108.37
108.36
108.36
108.36
108.36
108.35
108.35
108.35
108.35
108.36
108.36
108.36
108.36
108.35
108.35
108.35
108.35
108.35
108.35
108.35
108.35
108.35
108.35
108.36
108.35
108.35
108.35
108.35
108.35
108.36
108.36
108.36
108.36
108.37
108.36
108.36
108.36
108.36
108.36
108.36
108.36
108.36
108.36
108.36
108.36
108.35
108.35
108.35
108.35
108.35
108.35
108.35
108.35
108.35
108.35
108.36
108.36
108.36
108.36
108.37
108.37
108.38
108.39
108.40
108.40
108.40
108.40
108.40
108.41
108.42
108.42
108.42
108.42
108.42
108.42
108.42
108.42
108.42
108.42
108.42
108.42
108.42
108.42
108.42
108.42
108.42
108.41
108.41
108.41
108.41
108.41
108.41
108.41
108.42
108.42
108.42
108.42
108.43
108.43
108.43
108.43
108.44
108.44
108.44
108.45
108.45
108.45
108.44
108.44
108.45
108.45
108.44
108.44
108.44
108.44
108.43
108.43
108.43
108.43
108.43
108.43
108.43
108.43
108.43
108.43
108.43
108.43
108.43
108.43
108.44
108.44
108.44
108.44
108.44
108.44
108.44
108.44
108.44
108.44
108.43
108.43
108.43
108.43
108.43
108.43
108.43
108.42
108.42
108.42
108.42
108.41
108.41
108.41
108.42
108.42
108.42
108.42
108.43
108.43
108.42
108.42
108.42
108.42
108.42
108.42
108.42
108.42
108.42
108.42
108.42
108.42
108.41
108.40
108.39
108.39
108.39
108.39
108.40
108.39
108.39
108.39
108.39
108.39
108.39
108.39
108.38
108.38
108.38
108.39
108.39
108.39
108.39
108.39
108.39
108.39
108.39
108.40
108.40
108.40
108.40
108.40
108.40
108.40
108.41
108.40
108.40
108.41
108.41
108.41
108.41
108.41
108.41
108.41
108.41
108.41
108.41
108.41
108.41
108.40
108.40
108.40
108.40
108.39
108.39
108.38
108.38
108.38
108.38
108.37
108.38
108.37
108.38
108.37
108.37
108.37
108.37
108.37
108.37
108.37
108.37
108.37
108.37
108.37
108.37
108.36
108.37
108.37
108.37
108.37
108.36
108.36
108.36
108.36
108.36
108.36
108.36
108.36
108.36
108.37
108.37
108.38
108.38
108.38
108.38
108.38
108.37
108.37
108.37
108.37
108.37
108.37
108.38
108.37
108.37
108.37
108.36
108.36
108.36
108.35
108.35
108.35
108.35
108.34
108.34
108.35
108.34
108.34
108.34
108.34
108.34
108.34
108.34
108.34
108.35
108.35
108.35
108.35
108.35
108.35
108.35
108.36
108.36
108.36
108.37
108.37
108.36
108.36
108.36
108.36
108.37
108.37
108.37
108.37
108.37
108.36
108.36
108.36
108.36
108.36
108.35
108.35
108.35
108.35
108.35
108.35
108.35
108.35
108.35
108.35
108.35
108.34
108.35
108.35
108.35
108.35
108.35
108.35
108.35
108.35
108.34
108.34
108.33
108.33
108.33
108.33
108.33
108.32
108.32
108.32
108.32
108.31
108.31
108.31
108.30
108.30
108.30
108.30
108.30
108.30
108.30
108.31
108.30
108.30
108.30
108.30
108.30
108.31
108.31
108.31
108.30
108.30
108.30
108.31
108.31
108.32
108.32
108.32
108.32
108.32
108.32
108.32
108.32
108.32
108.32
108.33
108.33
108.33
108.34
108.34
108.34
108.34
108.34
108.34
108.34
108.34
108.34
108.34
108.34
108.34
108.34
108.34
108.34
108.33
108.33
108.32
108.32
108.32
108.33
108.32
108.32
108.32
108.32
108.32
108.32
108.32
108.32
108.31
108.31
108.30
108.30
108.30
108.31
108.31
108.31
108.31
108.31
108.31
108.31
108.31
108.31
108.30
108.30
108.30
108.30
108.30
108.30
108.31
108.31
108.30
108.30
108.30
108.30
108.30
108.30
108.30
108.30
108.30
108.31
108.31
108.31
108.32
108.32
108.32
108.32
108.33
108.33
108.33
108.33
108.34
108.34
108.34
108.34
108.34
108.34
108.34
108.35
108.35
108.35
108.35
108.34
108.35
108.35
108.34
108.34
108.34
108.34
108.34
108.34
108.34
108.35
108.36
108.36
108.35
108.34
108.34
108.34
108.34
108.34
108.34
108.34
108.34
108.35
108.35
108.35
108.36
108.35
108.35
108.35
108.35
108.36
108.36
108.36
108.36
108.37
108.37
108.37
108.37
108.36
108.36
108.36
108.35
108.35
108.35
108.35
108.35
108.34
108.34
108.34
108.34
108.34
108.34
108.34
108.33
108.34
108.34
108.34
108.34
108.34
108.34
108.33
108.33
108.33
108.34
108.34
108.34
108.34
108.33
108.33
108.33
108.33
108.32
108.32
108.32
108.32
108.32
108.33
108.33
108.33
108.32
108.32
108.32
108.32
108.32
108.32
108.33
108.33
108.34
108.34
108.35
108.35
108.35
108.35
108.35
108.35
108.35
108.35
108.36
108.36
108.36
108.36
108.36
108.36
108.36
108.36
108.36
108.36
108.35
108.35
108.35
108.35
108.35
108.35
108.36
108.36
108.36
108.36
108.36
108.36
108.36
108.36
108.36
108.36
108.36
108.36
108.36
108.36
108.36
108.37
108.37
108.37
108.37
108.38
108.38
108.39
108.39
108.39
108.40
108.40
108.40
108.40
108.39
108.39
108.39
108.40
108.40
108.40
108.40
108.40
108.40
108.40
108.39
108.40
108.39
108.39
108.39
108.39
108.39
108.39
108.39
108.39
108.39
108.39
108.39
108.39
108.38
108.38
108.38
108.38
108.38
108.38
108.38
108.37
108.37
108.37
108.36
108.36
108.36
108.36
108.37
108.37
108.36
108.37
108.37
108.37
108.37
108.37
108.37
108.37
108.37
108.37
108.38
108.38
108.38
108.38
108.38
108.38
108.38
108.38
108.39
108.39
108.39
108.39
108.38
108.38
108.39
108.39
108.39
108.39
108.39
108.40
108.40
108.40
108.40
108.40
108.40
108.40
108.39
108.39
108.39
108.40
108.40
108.40
108.40
108.39
108.39
108.39
108.39
108.39
108.39
108.39
108.39
108.39
108.39
108.38
108.38
108.39
108.39
108.39
108.39
108.40
108.40
108.40
108.39
108.39
108.39
108.38
108.38
108.39
108.39
108.40
108.40
108.40
108.40
108.40
108.40
108.40
108.40
108.40
108.40
108.41
108.41
108.41
108.41
108.41
108.42
108.42
108.41
108.42
108.42
108.42
108.42
108.42
108.42
108.42
108.42
108.42
108.41
108.41
108.41
108.41
108.41
108.41
108.41
108.41
108.41
108.41
108.41
108.40
108.40
108.40
108.41
108.41
108.41
108.40
108.40
108.40
108.40
108.40
108.41
108.41
108.40
108.39
108.39
108.39
108.39
108.40
108.40
108.40
108.40
108.39
108.39
108.39
108.39
108.39
108.39
108.39
108.39
108.39
108.39
108.40
108.40
108.40
108.40
108.40
108.40
108.40
108.40
108.40
108.40
108.41
108.41
108.42
108.41
108.42
108.42
108.42
108.42
108.42
108.42
108.42
108.41
108.42
108.42
108.42
108.41
108.41
108.41
108.41
108.41
108.41
108.41
108.41
108.40
108.41
108.41
108.42
108.42
108.43
108.43
108.43
108.43
108.43
108.43
108.43
108.43
108.43
108.43
108.43
108.42
108.42
108.42
108.42
108.41
108.41
108.41
108.40
108.40
108.39
108.39
108.39
108.40
108.40
108.40
108.40
108.40
108.40
108.40
108.40
108.40
108.40
108.40
108.40
108.40
108.40
108.40
108.40
108.40
108.39
108.39
108.38
108.38
108.38
108.38
108.39
108.39
108.39
108.39
108.39
108.39
108.39
108.39
108.39
108.39
108.39
108.39
108.39
108.40
108.40
108.41
108.40
108.40
108.40
108.40
108.40
108.40
108.40
108.40
108.39
108.39
108.39
108.40
108.40
108.40
108.41
108.40
108.40
108.40
108.39
108.39
108.40
108.40
108.40
108.39
108.39
108.39
108.40
108.40
108.40
108.40
108.40
108.40
108.40
108.40
108.41
108.41
108.41
108.42
108.42
108.42
108.42
108.42
108.42
108.42
108.42
108.42
108.41
108.41
108.41
108.41
108.40
108.40
108.40
108.39
108.39
108.39
108.39
108.39
108.39
108.39
108.40
108.40
108.39
108.39
108.39
108.39
108.39
108.39
108.39
108.40
108.40
108.40
108.40
108.40
108.40
108.40
108.40
108.40
108.40
108.40
108.41
108.41
108.41
108.41
108.40
108.40
108.40
108.40
108.40
108.40
108.40
108.40
108.41
108.41
108.41
108.41
108.41
108.41
108.41
108.41
108.41
108.42
108.42
108.42
108.43
108.43
108.43
108.43
108.43
108.44
108.44
108.44
108.44
108.44
108.45
108.45
108.45
108.45
108.45
108.45
108.44
108.45
108.44
108.44
108.44
108.44
108.43
108.43
108.43
108.43
108.43
108.43
108.43
108.43
108.44
108.44
108.44
108.45
108.45
108.45
108.45
108.46
108.45
108.46
108.46
108.46
108.45
108.45
108.45
108.46
108.46
108.45
108.45
108.45
108.45
108.45
108.45
108.45
108.45
108.45
108.45
108.45
108.45
108.45
108.45
108.44
108.45
108.45
108.45
108.45
108.45
108.45
108.45
108.45
108.45
108.45
108.44
108.45
108.45
108.45
108.45
108.44
108.44
108.44
108.44
108.44
108.43
108.43
108.44
108.43
108.44
108.44
108.44
108.43
108.44
108.43
108.43
108.43
108.44
108.44
108.45
108.45
108.45
108.44
108.44
108.44
108.44
108.43
108.43
108.43
108.42
108.42
108.43
108.43
108.44
108.44
108.44
108.44
108.44
108.43
108.43
108.44
108.44
108.44
108.43
108.44
108.43
108.43
108.44
108.44
108.44
108.44
108.44
108.44
108.44
108.44
108.44
108.44
108.44
108.44
108.44
108.45
108.45
108.45
108.46
108.45
108.45
108.45
108.45
108.45
108.45
108.45
108.45
108.45
108.45
108.45
108.46
108.45
108.45
108.44
108.44
108.43
108.43
108.44
108.44
108.45
108.44
108.44
108.44
108.44
108.44
108.44
108.43
108.43
108.44
108.44
108.44
108.45
108.45
108.45
108.45
108.46
108.46
108.45
108.46
108.46
108.45
108.45
108.45
108.45
108.45
108.45
108.45
108.45
108.45
108.45
108.45
108.45
108.45
108.45
108.45
108.45
108.46
108.46
108.46
108.46
108.46
108.46
108.46
108.46
108.46
108.45
108.45
108.45
108.45
108.45
108.45
108.45
108.45
108.45
108.45
108.45
108.45
108.46
108.45
108.45
108.46
108.46
108.46
108.46
108.46
108.46
108.46
108.46
108.46
108.46
108.46
108.46
108.46
108.46
108.46
108.46
108.46
108.46
108.46
108.46
108.46
108.46
108.46
108.46
108.47
108.46
108.46
108.46
108.46
108.46
108.46
108.46
108.45
108.45
108.45
108.45
108.45
108.46
108.46
108.45
108.45
108.45
108.44
108.44
108.44
108.44
108.44
108.44
108.44
108.45
108.45
108.45
108.44
108.44
108.45
108.45
108.45
108.46
108.47
108.47
108.47
108.47
108.47
108.47
108.48
108.48
108.48
108.48
108.48
108.48
108.48
108.49
108.49
108.49
108.48
108.48
108.48
108.47
108.47
108.48
108.48
108.48
108.48
108.48
108.47
108.47
108.47
108.47
108.47
108.47
108.46
108.46
108.46
108.46
108.46
108.46
108.45
108.45
108.45
108.45
108.45
108.45
108.44
108.44
108.44
